9819
485 585
94 194
326 426
506 606
248 348
416 516
421 521
992 1092
322 422
649 749
795 895
237 337
43 143
457 557
845 945
815 915
955 1055
446 546
252 352
422 522
9 109
791 891
901 1001
359 459
122 222
667 767
94 194
598 698
738 838
7 107
574 674
544 644
715 815
334 434
882 982
766 866
367 467
994 1094
984 1084
893 993
299 399
633 733
433 533
131 231
682 782
428 528
72 172
700 800
874 974
617 717
138 238
874 974
856 956
720 820
145 245
419 519
995 1095
794 894
529 629
196 296
199 299
997 1097
277 377
116 216
97 197
908 1008
719 819
539 639
242 342
707 807
107 207
569 669
122 222
537 637
70 170
931 1031
98 198
726 826
600 700
487 587
645 745
772 872
267 367
513 613
972 1072
81 181
895 995
943 1043
213 313
58 158
748 848
303 403
487 587
764 864
923 1023
536 636
29 129
724 824
674 774
789 889
540 640
479 579
554 654
142 242
467 567
339 439
46 146
641 741
710 810
196 296
553 653
494 594
191 291
66 166
724 824
824 924
730 830
208 308
988 1088
711 811
90 190
800 900
340 440
314 414
549 649
289 389
196 296
401 501
865 965
466 566
678 778
689 789
570 670
833 933
936 1036
225 325
722 822
244 344
651 751
849 949
123 223
113 213
431 531
379 479
508 608
361 461
585 685
65 165
853 953
486 586
642 742
686 786
992 1092
286 386
725 825
889 989
286 386
24 124
812 912
491 591
859 959
891 991
663 763
90 190
88 188
181 281
179 279
214 314
187 287
17 117
619 719
472 572
261 361
418 518
846 946
419 519
192 292
356 456
261 361
682 782
514 614
306 406
886 986
201 301
530 630
385 485
849 949
952 1052
294 394
500 600
799 899
194 294
391 491
737 837
330 430
324 424
298 398
992 1092
790 890
224 324
275 375
260 360
826 926
97 197
72 172
210 310
866 966
649 749
951 1051
919 1019
748 848
63 163
685 785
958 1058
956 1056
804 904
564 664
518 618
183 283
428 528
400 500
537 637
721 821
346 446
207 307
153 253
323 423
971 1071
611 711
662 762
116 216
197 297
109 209
91 191
795 895
529 629
343 443
126 226
862 962
747 847
685 785
469 569
10 110
770 870
881 981
934 1034
984 1084
723 823
403 503
895 995
360 460
568 668
449 549
172 272
541 641
958 1058
272 372
383 483
877 977
308 408
359 459
970 1070
707 807
583 683
308 408
48 148
770 870
930 1030
30 130
569 669
208 308
3 103
311 411
20 120
100 200
609 709
939 1039
887 987
422 522
825 925
785 885
930 1030
370 470
904 1004
989 1089
241 341
969 1069
379 479
143 243
376 476
972 1072
962 1062
28 128
889 989
61 161
443 543
638 738
216 316
348 448
338 438
347 447
160 260
66 166
406 506
391 491
159 259
638 738
31 131
295 395
204 304
826 926
420 520
196 296
153 253
449 549
425 525
855 955
331 431
143 243
565 665
487 587
838 938
140 240
9 109
564 664
918 1018
615 715
533 633
135 235
232 332
564 664
957 1057
360 460
591 691
793 893
576 676
163 263
746 846
859 959
377 477
760 860
858 958
711 811
86 186
662 762
434 534
159 259
558 658
660 760
279 379
268 368
840 940
948 1048
735 835
315 415
574 674
676 776
126 226
341 441
912 1012
689 789
739 839
894 994
821 921
706 806
625 725
490 590
917 1017
478 578
201 301
671 771
993 1093
932 1032
149 249
899 999
52 152
237 337
759 859
187 287
267 367
472 572
256 356
772 872
783 883
98 198
117 217
906 1006
516 616
911 1011
180 280
635 735
25 125
225 325
380 480
823 923
712 812
164 264
266 366
343 443
216 316
732 832
448 548
502 602
541 641
740 840
664 764
576 676
954 1054
612 712
726 826
902 1002
772 872
454 554
531 631
411 511
943 1043
973 1073
750 850
703 803
327 427
850 950
917 1017
77 177
5 105
220 320
113 213
802 902
913 1013
403 503
791 891
181 281
998 1098
10 110
859 959
525 625
345 445
919 1019
431 531
668 768
675 775
527 627
833 933
462 562
438 538
291 391
523 623
605 705
916 1016
457 557
420 520
405 505
115 215
417 517
660 760
279 379
261 361
685 785
772 872
596 696
388 488
307 407
764 864
224 324
843 943
322 422
206 306
840 940
407 507
975 1075
639 739
401 501
852 952
91 191
542 642
327 427
60 160
330 430
757 857
182 282
82 182
603 703
637 737
793 893
93 193
615 715
614 714
733 833
136 236
864 964
187 287
16 116
102 202
863 963
972 1072
987 1087
163 263
306 406
501 601
34 134
477 577
840 940
492 592
700 800
121 221
706 806
80 180
787 887
138 238
105 205
660 760
834 934
229 329
798 898
827 927
310 410
448 548
609 709
230 330
690 790
832 932
561 661
489 589
579 679
586 686
60 160
291 391
388 488
665 765
309 409
660 760
407 507
702 802
200 300
153 253
313 413
606 706
970 1070
123 223
33 133
253 353
273 373
709 809
277 377
832 932
997 1097
108 208
40 140
888 988
227 327
481 581
860 960
283 383
940 1040
858 958
608 708
284 384
990 1090
711 811
590 690
850 950
806 906
239 339
52 152
943 1043
801 901
195 295
764 864
95 195
710 810
410 510
386 486
664 764
593 693
900 1000
50 150
112 212
494 594
963 1063
156 256
754 854
936 1036
458 558
965 1065
19 119
86 186
225 325
723 823
569 669
184 284
97 197
868 968
194 294
340 440
754 854
412 512
602 702
487 587
61 161
209 309
695 795
346 446
347 447
860 960
719 819
307 407
100 200
95 195
97 197
821 921
843 943
941 1041
745 845
821 921
286 386
587 687
492 592
201 301
116 216
665 765
531 631
527 627
424 524
812 912
253 353
424 524
426 526
459 559
413 513
343 443
980 1080
836 936
291 391
506 606
833 933
179 279
486 586
916 1016
9 109
430 530
575 675
596 696
922 1022
808 908
145 245
269 369
897 997
512 612
404 504
811 911
742 842
685 785
728 828
567 667
269 369
776 876
103 203
855 955
745 845
718 818
35 135
853 953
779 879
97 197
71 171
146 246
80 180
746 846
842 942
15 115
128 228
965 1065
941 1041
512 612
227 327
480 580
30 130
958 1058
342 442
665 765
605 705
191 291
531 631
964 1064
364 464
515 615
359 459
606 706
867 967
822 922
820 920
536 636
313 413
693 793
207 307
19 119
911 1011
335 435
308 408
101 201
430 530
922 1022
685 785
294 394
641 741
910 1010
113 213
410 510
141 241
250 350
690 790
546 646
700 800
729 829
559 659
609 709
481 581
720 820
503 603
976 1076
766 866
759 859
7 107
798 898
882 982
74 174
859 959
648 748
182 282
299 399
425 525
785 885
542 642
846 946
683 783
390 490
853 953
897 997
938 1038
416 516
89 189
837 937
624 724
247 347
181 281
293 393
878 978
144 244
933 1033
938 1038
580 680
467 567
252 352
480 580
207 307
955 1055
658 758
665 765
20 120
26 126
954 1054
564 664
347 447
449 549
759 859
26 126
446 546
521 621
14 114
301 401
657 757
321 421
710 810
613 713
980 1080
388 488
188 288
879 979
636 736
990 1090
203 303
188 288
432 532
963 1063
129 229
820 920
630 730
300 400
509 609
822 922
237 337
255 355
373 473
277 377
838 938
153 253
395 495
400 500
692 792
227 327
103 203
518 618
218 318
447 547
384 484
315 415
931 1031
813 913
396 496
324 424
389 489
502 602
640 740
299 399
287 387
780 880
297 397
376 476
977 1077
516 616
512 612
212 312
219 319
329 429
555 655
810 910
398 498
486 586
289 389
485 585
798 898
416 516
598 698
952 1052
49 149
894 994
572 672
358 458
697 797
21 121
770 870
647 747
725 825
44 144
542 642
683 783
214 314
361 461
887 987
814 914
45 145
231 331
94 194
8 108
282 382
165 265
82 182
496 596
319 419
699 799
626 726
852 952
146 246
459 559
541 641
535 635
874 974
314 414
725 825
944 1044
777 877
306 406
554 654
459 559
208 308
637 737
787 887
447 547
976 1076
408 508
912 1012
107 207
444 544
962 1062
3 103
565 665
301 401
407 507
164 264
857 957
437 537
317 417
652 752
98 198
764 864
818 918
41 141
600 700
737 837
288 388
176 276
902 1002
136 236
567 667
128 228
190 290
394 494
749 849
235 335
908 1008
42 142
276 376
824 924
748 848
684 784
592 692
979 1079
393 493
568 668
363 463
367 467
163 263
52 152
983 1083
642 742
179 279
335 435
16 116
126 226
478 578
130 230
259 359
583 683
868 968
129 229
295 395
752 852
596 696
167 267
71 171
856 956
622 722
640 740
864 964
770 870
644 744
431 531
5 105
195 295
365 465
448 548
429 529
701 801
64 164
952 1052
854 954
880 980
770 870
168 268
88 188
79 179
157 257
961 1061
368 468
472 572
421 521
217 317
719 819
709 809
271 371
147 247
975 1075
296 396
816 916
909 1009
962 1062
764 864
535 635
251 351
438 538
878 978
696 796
753 853
881 981
570 670
318 418
253 353
45 145
666 766
52 152
931 1031
496 596
433 533
313 413
810 910
138 238
678 778
334 434
123 223
988 1088
212 312
508 608
66 166
770 870
206 306
751 851
750 850
780 880
64 164
441 541
466 566
207 307
337 437
516 616
510 610
674 774
796 896
408 508
175 275
920 1020
437 537
573 673
938 1038
634 734
848 948
878 978
561 661
990 1090
718 818
826 926
948 1048
696 796
649 749
800 900
569 669
411 511
663 763
422 522
582 682
707 807
843 943
334 434
202 302
986 1086
702 802
494 594
579 679
150 250
725 825
562 662
803 903
380 480
340 440
832 932
156 256
979 1079
832 932
376 476
602 702
511 611
234 334
414 514
688 788
160 260
184 284
982 1082
978 1078
238 338
413 513
490 590
633 733
899 999
585 685
251 351
606 706
526 626
963 1063
897 997
350 450
39 139
242 342
657 757
539 639
452 552
739 839
538 638
267 367
831 931
165 265
460 560
177 277
185 285
720 820
934 1034
802 902
440 540
644 744
490 590
82 182
168 268
798 898
71 171
197 297
977 1077
173 273
458 558
81 181
204 304
235 335
803 903
112 212
139 239
103 203
399 499
268 368
420 520
879 979
991 1091
643 743
578 678
106 206
972 1072
122 222
177 277
444 544
398 498
262 362
348 448
691 791
496 596
997 1097
276 376
446 546
825 925
171 271
614 714
549 649
121 221
281 381
730 830
211 311
341 441
112 212
284 384
408 508
698 798
730 830
17 117
363 463
546 646
89 189
672 772
605 705
974 1074
938 1038
866 966
168 268
377 477
705 805
559 659
47 147
340 440
400 500
527 627
215 315
779 879
114 214
761 861
51 151
483 583
881 981
92 192
549 649
390 490
679 779
583 683
328 428
661 761
250 350
391 491
203 303
336 436
481 581
661 761
752 852
125 225
707 807
89 189
82 182
275 375
63 163
359 459
660 760
178 278
21 121
780 880
287 387
42 142
219 319
5 105
500 600
380 480
820 920
772 872
95 195
816 916
44 144
9 109
748 848
484 584
678 778
545 645
276 376
589 689
478 578
157 257
663 763
901 1001
594 694
777 877
757 857
74 174
947 1047
247 347
448 548
55 155
570 670
479 579
313 413
785 885
981 1081
958 1058
795 895
680 780
552 652
393 493
389 489
944 1044
280 380
596 696
864 964
619 719
636 736
611 711
512 612
852 952
892 992
283 383
184 284
299 399
947 1047
766 866
614 714
312 412
625 725
826 926
149 249
726 826
377 477
733 833
474 574
805 905
18 118
679 779
662 762
403 503
416 516
964 1064
1 101
337 437
530 630
541 641
752 852
478 578
22 122
369 469
981 1081
946 1046
777 877
821 921
957 1057
833 933
275 375
837 937
584 684
490 590
582 682
37 137
121 221
594 694
951 1051
129 229
668 768
258 358
118 218
246 346
319 419
362 462
896 996
755 855
521 621
504 604
948 1048
71 171
248 348
177 277
474 574
176 276
351 451
803 903
54 154
237 337
155 255
677 777
660 760
33 133
871 971
115 215
486 586
597 697
294 394
769 869
425 525
536 636
245 345
956 1056
382 482
341 441
371 471
184 284
708 808
234 334
544 644
569 669
794 894
216 316
387 487
537 637
738 838
84 184
520 620
810 910
281 381
657 757
502 602
33 133
91 191
159 259
503 603
520 620
924 1024
668 768
16 116
287 387
33 133
229 329
344 444
374 474
349 449
474 574
606 706
672 772
896 996
915 1015
595 695
511 611
441 541
123 223
102 202
569 669
52 152
199 299
654 754
396 496
710 810
715 815
434 534
59 159
245 345
610 710
36 136
917 1017
661 761
927 1027
413 513
270 370
13 113
117 217
370 470
516 616
400 500
215 315
195 295
216 316
984 1084
237 337
476 576
615 715
164 264
499 599
405 505
477 577
674 774
760 860
196 296
285 385
608 708
56 156
907 1007
966 1066
532 632
622 722
51 151
221 321
716 816
194 294
327 427
91 191
880 980
347 447
710 810
252 352
267 367
473 573
400 500
516 616
376 476
385 485
609 709
357 457
320 420
958 1058
196 296
665 765
538 638
792 892
935 1035
64 164
404 504
420 520
100 200
671 771
126 226
968 1068
855 955
877 977
94 194
177 277
731 831
523 623
253 353
139 239
8 108
152 252
393 493
732 832
543 643
246 346
348 448
565 665
318 418
740 840
489 589
902 1002
22 122
17 117
998 1098
973 1073
49 149
298 398
381 481
611 711
10 110
32 132
429 529
11 111
221 321
337 437
150 250
136 236
717 817
889 989
530 630
522 622
332 432
805 905
942 1042
28 128
565 665
931 1031
216 316
757 857
61 161
609 709
170 270
544 644
872 972
905 1005
644 744
595 695
208 308
246 346
680 780
113 213
697 797
175 275
639 739
156 256
679 779
244 344
961 1061
883 983
361 461
265 365
802 902
883 983
359 459
462 562
839 939
485 585
718 818
272 372
280 380
204 304
252 352
984 1084
280 380
409 509
102 202
398 498
615 715
909 1009
296 396
370 470
481 581
882 982
956 1056
214 314
230 330
766 866
259 359
35 135
922 1022
421 521
706 806
271 371
272 372
370 470
156 256
848 948
552 652
50 150
485 585
976 1076
536 636
270 370
70 170
796 896
902 1002
963 1063
452 552
379 479
35 135
991 1091
947 1047
551 651
378 478
897 997
57 157
307 407
352 452
421 521
669 769
74 174
702 802
388 488
141 241
559 659
458 558
980 1080
463 563
615 715
756 856
681 781
887 987
231 331
332 432
207 307
528 628
818 918
656 756
331 431
254 354
979 1079
787 887
445 545
495 595
348 448
370 470
724 824
10 110
401 501
200 300
646 746
327 427
668 768
17 117
242 342
374 474
302 402
755 855
861 961
980 1080
830 930
376 476
77 177
8 108
441 541
32 132
589 689
460 560
990 1090
804 904
189 289
23 123
868 968
869 969
996 1096
943 1043
363 463
715 815
237 337
628 728
420 520
73 173
565 665
199 299
214 314
38 138
333 433
209 309
726 826
327 427
175 275
912 1012
58 158
799 899
625 725
372 472
66 166
976 1076
169 269
120 220
475 575
667 767
204 304
188 288
90 190
28 128
496 596
704 804
1 101
649 749
474 574
746 846
449 549
697 797
252 352
712 812
332 432
289 389
287 387
625 725
189 289
953 1053
889 989
462 562
63 163
302 402
378 478
79 179
206 306
41 141
897 997
823 923
230 330
908 1008
382 482
665 765
575 675
36 136
60 160
732 832
529 629
809 909
477 577
66 166
290 390
291 391
89 189
591 691
961 1061
583 683
461 561
252 352
702 802
479 579
532 632
530 630
680 780
224 324
53 153
788 888
642 742
309 409
1000 1100
366 466
891 991
352 452
822 922
402 502
152 252
545 645
324 424
113 213
633 733
967 1067
267 367
454 554
381 481
723 823
272 372
14 114
506 606
20 120
419 519
308 408
461 561
644 744
526 626
713 813
978 1078
482 582
468 568
336 436
729 829
289 389
795 895
496 596
581 681
326 426
383 483
530 630
226 326
167 267
421 521
522 622
386 486
830 930
273 373
91 191
484 584
116 216
676 776
747 847
107 207
395 495
229 329
958 1058
902 1002
756 856
962 1062
262 362
105 205
703 803
84 184
511 611
991 1091
481 581
701 801
449 549
689 789
888 988
655 755
599 699
600 700
306 406
538 638
492 592
499 599
803 903
881 981
445 545
981 1081
316 416
473 573
889 989
383 483
785 885
679 779
765 865
573 673
491 591
589 689
589 689
480 580
124 224
145 245
741 841
624 724
898 998
923 1023
725 825
915 1015
682 782
232 332
131 231
974 1074
398 498
735 835
906 1006
678 778
753 853
640 740
312 412
644 744
790 890
212 312
301 401
123 223
945 1045
253 353
447 547
943 1043
197 297
18 118
27 127
916 1016
573 673
327 427
589 689
640 740
934 1034
615 715
209 309
470 570
529 629
655 755
899 999
288 388
15 115
401 501
592 692
840 940
92 192
633 733
575 675
707 807
814 914
424 524
354 454
682 782
127 227
194 294
374 474
855 955
566 666
190 290
594 694
728 828
973 1073
178 278
645 745
275 375
603 703
88 188
712 812
367 467
32 132
544 644
298 398
738 838
561 661
963 1063
906 1006
460 560
626 726
266 366
143 243
727 827
504 604
33 133
836 936
442 542
361 461
628 728
431 531
384 484
554 654
244 344
24 124
482 582
416 516
765 865
735 835
446 546
243 343
247 347
454 554
913 1013
932 1032
560 660
494 594
528 628
648 748
594 694
357 457
935 1035
596 696
462 562
788 888
621 721
536 636
660 760
759 859
564 664
200 300
302 402
566 666
936 1036
741 841
592 692
217 317
724 824
219 319
118 218
832 932
299 399
819 919
251 351
487 587
129 229
473 573
96 196
241 341
167 267
64 164
169 269
516 616
381 481
857 957
976 1076
218 318
767 867
490 590
837 937
504 604
407 507
707 807
203 303
342 442
387 487
475 575
735 835
175 275
706 806
786 886
335 435
171 271
40 140
232 332
821 921
888 988
131 231
866 966
159 259
976 1076
978 1078
253 353
53 153
619 719
849 949
642 742
478 578
460 560
19 119
218 318
230 330
218 318
453 553
667 767
336 436
949 1049
931 1031
89 189
588 688
488 588
449 549
568 668
566 666
526 626